Xjk: 
1	0	1	0	0	1	0	0	1	0	1	0	0	0	0	1	0	0	0	0	
0	1	0	1	1	0	1	0	0	1	1	0	0	0	0	0	1	1	1	1	
0	0	0	1	0	0	0	1	1	1	1	1	1	0	0	1	1	0	0	0	
1	1	1	1	0	1	1	1	0	0	0	0	0	0	0	0	0	0	0	0	
1	0	0	0	0	0	0	0	0	0	0	0	0	1	0	0	0	0	0	0	
0	0	1	0	0	0	0	0	0	1	0	0	0	1	0	0	0	0	0	0	
0	1	0	0	0	0	1	0	0	0	0	0	0	1	0	0	1	1	0	0	
1	1	0	1	0	1	0	0	1	0	0	1	1	0	1	1	0	0	1	0	
1	1	1	0	0	0	0	1	0	1	0	0	1	0	1	1	0	0	0	0	
0	1	0	0	0	0	0	0	1	0	0	1	0	1	0	0	0	0	0	0	


Tjk: 
291.37320189	4.388938886e-09	672.98881975	4.607031547e-09	3.425119604e-09	366.305440005	4.162074008e-09	4.668143054e-09	73.785699065	5.152825818e-09	124.689887034	5.266814643e-09	-1.314244217e-08	7.026994404e-09	4.445855354e-09	1.811207401	6.786680732e-09	5.734449431e-09	-1.155468558e-08	-1.472506644e-08	
1.457007281e-09	67.579729262	1.034079013e-08	54.57550002	728.631591395	5.842160748e-09	91.313189896	5.945418106e-09	6.573068439e-09	33.478188403	38.702973896	6.629310420e-09	-1.773917095e-08	9.075637310e-09	5.780382030e-09	9.683204898e-09	7.785852688	649.349668207	7.176175064e-08	8.733602932e-08	
-4.327748115e-09	2.214837372e-09	3.305399077e-11	584.602976678	-1.209771482e-09	5.443451906e-11	4.025145238e-09	510.531640364	83.056831351	105.628857796	145.293741989	83.723732923	4.964447877e-08	2.555099563e-09	-1.805867055e-10	1.662783084	7.163177658	1.099413038e-09	-1.819014152e-08	-1.576951360e-08	
124.503320484	232.587171808	201.442898489	154.990865075	3.744420527e-09	143.546239722	536.815776638	147.468226617	1.004586478e-08	1.015809397e-09	9.714752197e-09	5.602939471e-09	-1.377905421e-08	7.465030750e-09	4.732470722e-09	1.291850473e-08	7.117076922e-09	6.032458989e-09	-1.115948979e-08	-6.563265340e-09	
1467.671373536	3.879419356e-10	7.466953248e-09	-1.478613119e-09	4.655974788e-10	3.011105830e-09	2.314169287e-09	3.061559022e-09	3.695969818e-09	-8.759027579e-10	7.841610833e-09	3.732632933e-09	-1.601371171e-08	32.031166314	2.699785993e-09	6.210365325e-09	5.372819196e-09	2.939164414e-09	-1.209056978e-08	-7.367135958e-09	
-2.470896064e-10	1.776281204e-09	1287.925129356	-2.986061846e-10	6.714506204e-10	4.200742043e-09	3.736684253e-09	-2.396620064e-10	4.731046416e-09	226.333306352	4.443937990e-09	4.757704558e-09	-1.940735456e-08	7.937078927	-3.880478680e-10	3.131886716e-09	6.311676417e-09	3.024123614e-09	-1.659534146e-08	-1.410004092e-08	
9.105442562e-10	122.394232105	5.376532072e-09	8.896245409e-10	-2.930714048e-10	8.864459799e-10	209.398342808	9.633329089e-10	1.383251229e-09	-3.162669570e-09	1.028257001e-09	5.907772310e-09	-1.777229039e-08	8.672281853	8.691323964e-10	4.481835707e-09	7.706480657	1222.69139678	-1.860110675e-08	-1.295928155e-08	
155.766109266	312.32431099	4.738598657e-09	199.513825636	-3.084375362e-09	181.165809733	-9.798587592e-11	3.841959275e-10	56.381694719	-3.570857915e-09	6.634006495e-10	56.981290211	5.101235507e-08	2.826498368e-09	559.707924005	2.070886998	2.515904378e-09	1.432602381e-09	5.998164134e-08	-1.338509688e-08	
153.468515681	304.703972139	274.389900863	3.386564372e-10	1.417651978e-09	4.842410386e-09	4.387077683e-09	187.202625858	5.416186261e-09	66.92791612	5.115165905e-09	9.727470910e-10	5.945943778e-08	7.271509200e-09	540.336964511	2.083492867	6.958878136e-09	3.702572934e-09	-1.582175988e-08	-1.344393882e-08	
-1.144861851e-10	1252.058272402	4.316045842e-09	-1.764573391e-10	8.267019905e-10	4.308511941e-09	3.832901469e-09	-1.083511960e-10	130.618504138	2.920398943e-10	4.543869098e-09	132.834784738	-1.917292660e-08	8.248834609	4.201304134e-09	7.804042344e-09	6.490720012e-09	3.167462841e-09	-1.640328459e-08	-1.282715734e-08	


Oij: 
1	1	1	1	1	1	1	1	1	1	
1	1	1	1	1	1	1	1	1	1	
1	1	1	1	1	0	1	1	1	1	
1	1	1	1	0	0	1	1	1	1	
1	1	1	1	0	0	1	1	1	1	
1	1	1	1	0	0	1	1	1	0	
1	1	1	1	0	0	0	1	1	0	
0	1	1	1	0	0	0	1	1	0	
0	1	1	0	0	0	0	1	1	0	
0	1	1	0	0	0	0	1	0	0	


Zj: 
1	1	1	1	1	0	1	1	1	1	

Nimin: 
8	8	6	4	4	2	2	1	0	

Nimax: 
10	9	8	6	5	4	3	3	2	

