Xjk: 
1	0	0	1	1	0	0	1	0	1	1	
0	0	0	0	0	0	0	0	0	0	0	
0	0	0	0	0	0	0	0	0	0	0	
1	1	1	1	1	1	1	0	1	0	1	
0	0	0	0	0	1	0	1	0	0	0	
0	1	0	0	1	0	0	0	1	0	0	
0	0	0	0	0	0	0	0	0	0	0	
0	0	1	0	1	1	0	0	0	0	1	
1	1	1	1	0	1	1	0	1	0	1	
0	0	0	0	0	0	0	0	0	0	0	


Tjk: 
1483.12	0	0	0	0	0	0	0	0	2	0	
0	0	0	0	0	0	0	0	0	0	0	
0	0	0	0	0	0	0	0	0	0	0	
0	0	0	716	485	0	0	0	0	0	0	
0	0	0	0	0	0	0	264	0	0	0	
0	1341.12	0	0	0	0	0	0	144	0	0	
0	0	0	0	0	0	0	0	0	0	0	
0	0	151.76	0	0	0	0	0	0	0	0	
0	136.88	592.24	0	0	451	305	0	0	0	0	
0	0	0	0	0	0	0	0	0	0	0	


Oij: 
1	1	1	1	1	1	1	1	1	1	
1	0	0	1	1	1	0	1	1	0	
1	0	0	1	1	1	0	1	1	0	
1	0	0	1	0	1	0	1	1	0	
1	0	0	1	0	0	0	1	1	0	
1	0	0	1	0	0	0	0	1	0	
1	0	0	1	0	0	0	0	1	0	
0	0	0	1	0	0	0	0	1	0	
0	0	0	1	0	0	0	0	1	0	
0	0	0	1	0	0	0	0	0	0	


Zj: 
1	0	0	1	1	1	0	1	1	0	

Nimin: 
6	5	4	3	3	2	1	1	0	

Nimax: 
6	6	5	4	3	3	2	2	1	

