Xjk: 
0	1	1	0	1	1	1	
0	0	0	1	0	1	1	
0	0	0	0	0	0	0	
0	0	0	0	0	0	0	
0	0	0	0	0	0	0	
0	0	0	0	0	0	0	
1	0	0	0	0	1	1	
0	0	0	0	0	0	0	
1	1	1	1	1	1	1	
0	0	0	0	0	0	0	


Tjk: 
0	0	83.76	0	370	0	1031.36	
0	0	0	1485.12	0	0	0	
0	0	0	0	0	0	0	
0	0	0	0	0	0	0	
0	0	0	0	0	0	0	
0	0	0	0	0	0	0	
430	0	0	0	0	13	203.64	
0	0	0	0	0	0	0	
0	0	386.24	1098.88	0	0	0	
0	0	0	0	0	0	0	


Oij: 
1	1	1	1	1	1	1	1	1	1	
1	1	0	0	0	0	1	0	1	0	
1	1	0	0	0	0	1	0	1	0	
1	1	0	0	0	0	1	0	1	0	
1	0	0	0	0	0	0	0	1	0	
1	0	0	0	0	0	0	0	1	0	
0	0	0	0	0	0	0	0	1	0	
0	0	0	0	0	0	0	0	1	0	
0	0	0	0	0	0	0	0	0	0	
0	0	0	0	0	0	0	0	0	0	


Zj: 
1	1	0	0	0	0	1	0	1	0	

Nimin: 
4	3	3	2	2	1	1	0	0	

Nimax: 
4	4	4	3	2	2	2	1	1	

